image: map.pgm
resolution: 0.050000
origin: [-9.405116, -7.947442, 0.000000]
negate: 0
occupied_thresh: 0.65
free_thresh: 0.196

